0 1042
1 1056
2 1056
3 1048
4 1044
5 1049
6 1042
7 1036
8 1052
9 1034
10 1041
11 1039
12 1050
13 1012
14 1071
15 1057
16 1054
17 1049
18 1048
19 1042
20 1055
21 1043
22 1033
23 1048
24 1031
25 1034
26 1036
27 1025
28 1038
29 1020
30 1053
31 1048
32 1045
33 1023
34 1036
35 1049
36 1052
37 1015
38 1046
39 1146
40 1053
41 1048
42 1050
43 1087
44 1083
45 1071
46 1084
47 1107
48 1144
49 1206
50 1200
51 1276
52 1548
53 1726
54 1593
55 1334
56 1176
57 1112
58 1067
59 1043
60 1047
61 1046
62 1034
63 1050
64 1056
65 1026
66 1067
67 1029
68 1071
69 1092
70 1039
71 1050
72 1043
73 1048
74 1050
75 1062
76 1053
77 1026
78 1066
79 1057
80 1057
81 1027
82 1059
83 1065
84 1033
85 1061
86 1050
87 1036
88 1037
89 1053
90 1061
91 1035
92 1038
93 1017
94 1035
95 1027
96 1056
97 1033
98 1053
99 1048
100 1056
101 1060
102 1051
103 1049
104 1046
105 1028
106 1022
107 1046