1149 2058
1150 2066
1151 2081
1152 2091
1153 2060
1154 2043
1155 2081
1156 2098
1157 2077
1158 2075
1159 2063
1160 2084
1161 2047
1162 2086
1163 2083
1164 2055
1165 2120
1166 2091
1167 2082
1168 2075
1169 2091
1170 2072
1171 2077
1172 2085
1173 2093
1174 2069
1175 2068
1176 2078
1177 2062
1178 2112
1179 2034
1180 2068
1181 2049
1182 2045
1183 2106
1184 2047
1185 2091
1186 2102
1187 2088
1188 2094
1189 2073
1190 2107
1191 2040
1192 2072
1193 2068
1194 2068
1195 2109
1196 2082
1197 2073
1198 2087
1199 2091
1200 2078
1201 2062
1202 2108
1203 2089
1204 2127
1205 2136
1206 2078
1207 2116
1208 2122
1209 2119
1210 2095
1211 2101
1212 2151
1213 2120
1214 2131
1215 2117
1216 2134
1217 2143
1218 2220
1219 2219
1220 2252
1221 2307
1222 2357
1223 2431
1224 2555
1225 2757
1226 3311
1227 4062
1228 5535
1229 7689
1230 10980
1231 17805
1232 18809
1233 13341
1234 7922
1235 4479
1236 3152
1237 2606
1238 2380
1239 2304
1240 2267
1241 2193
1242 2205
1243 2165
1244 2156
1245 2105
1246 2128
1247 2148
1248 2150
1249 2105
1250 2154
1251 2144
1252 2112
1253 2114
1254 2084
1255 2083
1256 2137
1257 2042
1258 2071
1259 2114
1260 2093
1261 2098
1262 2065
1263 2059
1264 2045
