1149 25737
1150 25753
1151 25760
1152 25760
1153 25713
1154 25683
1155 25782
1156 25752
1157 25711
1158 25755
1159 25731
1160 25737
1161 25667
1162 25718
1163 25724
1164 25719
1165 25768
1166 25732
1167 25782
1168 25789
1169 25768
1170 25789
1171 25745
1172 25768
1173 25766
1174 25727
1175 25745
1176 25784
1177 25721
1178 25792
1179 25755
1180 25742
1181 25709
1182 25685
1183 25766
1184 25737
1185 25782
1186 25724
1187 25768
1188 25809
1189 25716
1190 25774
1191 25763
1192 25763
1193 25719
1194 25737
1195 25792
1196 25794
1197 25760
1198 25752
1199 25776
1200 25790
1201 25792
1202 25806
1203 25800
1204 25860
1205 25790
1206 25771
1207 25846
1208 25893
1209 25879
1210 25882
1211 25900
1212 25945
1213 26016
1214 26040
1215 26024
1216 26112
1217 26240
1218 26499
1219 26834
1220 27388
1221 28043
1222 28907
1223 29587
1224 30769
1225 31327
1226 30799
1227 29771
1228 28713
1229 28133
1230 28138
1231 28634
1232 28767
1233 28742
1234 28675
1235 29174
1236 29824
1237 30904
1238 31573
1239 31184
1240 30090
1241 28643
1242 27484
1243 26750
1244 26398
1245 26135
1246 26038
1247 25971
1248 25945
1249 25882
1250 25911
1251 25874
1252 25854
1253 25846
1254 25718
1255 25801
1256 25784
1257 25748
1258 25790
1259 25794
1260 25835
1261 25771
1262 25740
1263 25765
1264 25740
1265 25748
1266 25822
1267 25758
1268 25748
1269 25740
1270 25750
1271 25768
1272 25809
