1149 24209
1150 24266
1151 24202
1152 24178
1153 24196
1154 24182
1155 24162
1156 24148
1157 24164
1158 24231
1159 24210
1160 24215
1161 24205
1162 24224
1163 24139
1164 24228
1165 24247
1166 24181
1167 24196
1168 24205
1169 24231
1170 24234
1171 24248
1172 24201
1173 24193
1174 24207
1175 24222
1176 24165
1177 24179
1178 24230
1179 24192
1180 24260
1181 24179
1182 24187
1183 24187
1184 24218
1185 24205
1186 24168
1187 24224
1188 24227
1189 24239
1190 24242
1191 24230
1192 24257
1193 24231
1194 24241
1195 24218
1196 24248
1197 24250
1198 24238
1199 24238
1200 24245
1201 24260
1202 24257
1203 24245
1204 24299
1205 24315
1206 24364
1207 24307
1208 24280
1209 24371
1210 24437
1211 24466
1212 24437
1213 24486
1214 24558
1215 24548
1216 24608
1217 24681
1218 24867
1219 24991
1220 25336
1221 25731
1222 26397
1223 27093
1224 28071
1225 28925
1226 30209
1227 30745
1228 30344
1229 29557
1230 29194
1231 29555
1232 30425
1233 31444
1234 31412
1235 30549
1236 29451
1237 28891
1238 28977
1239 29917
1240 30559
1241 30053
1242 28901
1243 27366
1244 26106
1245 25403
1246 24981
1247 24740
1248 24646
1249 24558
1250 24519
1251 24476
1252 24462
1253 24439
1254 24373
1255 24365
1256 24269
1257 24324
1258 24403
1259 24278
1260 24221
1261 24333
1262 24320
1263 24274
1264 24245
1265 24241
1266 24256
1267 24242
1268 24280
1269 24256
1270 24224
1271 24195
