0 1063
1 1066
2 1068
3 1042
4 1079
5 1084
6 1050
7 1073
8 1072
9 1082
10 1087
11 1086
12 1057
13 1089
14 1120
15 1118
16 1110
17 1135
18 1147
19 1141
20 1174
21 1194
22 1256
23 1236
24 1301
25 1308
26 1344
27 1533
28 1585
29 1583
30 1985
31 2197
32 2599
33 4647
34 6618
35 6315
36 4395
37 3050
38 3802
39 6154
40 6592
41 4610
42 2952
43 2276
44 2076
45 2699
46 3090
47 3781
48 7737
49 11177
50 9796
51 5474
52 2805
53 2185
54 1977
55 2107
56 2818
57 3009
58 4485
59 8725
60 10788
61 7948
62 4231
63 2437
64 1819
65 2037
66 2363
67 2590
68 4347
69 6700
70 6859
71 4850
72 3080
73 3422
74 5637
75 6480
76 4686
77 2499
78 1502
79 1189
80 1083
81 1090
82 1080
83 1088
84 1067
85 1104
86 1074
87 1087
88 1067
89 1072
90 1079
91 1062
92 1072
93 1064
94 1033
95 1036
96 1054
97 1061
98 1049
99 1039
100 1027
101 1050
102 1081
103 1057
104 1052
105 1070
106 1072
