0 1062
1 1046
2 1076
3 1033
4 1047
5 1060
6 1070
7 1057
8 1060
9 1035
10 1061
11 1066
12 1040
13 1037
14 1079
15 1074
16 1076
17 1083
18 1036
19 1099
20 1116
21 1091
22 1121
23 1107
24 1149
25 1153
26 1175
27 1218
28 1241
29 1252
30 1406
31 1511
32 1686
33 2360
34 3117
35 3010
36 2315
37 1764
38 1943
39 2666
40 2796
41 2129
42 1485
43 1229
44 1124
45 1133
46 1128
47 1190
48 1322
49 1349
50 1334
51 1197
52 1174
53 1104
54 1128
55 1128
56 1176
57 1206
58 1229
59 1391
60 1415
61 1375
62 1334
63 1296
64 1329
65 1475
66 1535
67 1798
68 2595
69 3292
70 3001
71 2291
72 1814
73 2225
74 2989
75 2900
76 2095
77 1404
78 1170
79 1068
80 1067
81 1045
82 1063
83 1060
84 1035
85 1053
86 1020
87 1067
88 1045
89 1053
90 1038
91 1049
92 1061
93 1038
94 1088
95 1042
96 1040
97 1040
98 1056
99 1039
100 1040
101 1045
102 1037
103 1057
104 1045
105 1053
106 1060
107 1076
108 1062
109 1042
110 1050
111 1051
112 1047
113 1038
114 1054
115 1042
116 1059
117 1029
