724.39
724.3924
724.3948
724.3972
724.3996
724.402
724.4044
724.4068
724.4092
724.4116
724.414
724.4164
724.4188
724.4212
724.4236
724.426
724.4284
724.4308
724.4332
724.4356
724.438
724.4404
724.4428
724.4452
724.4476
724.45
724.4524
724.4548
724.4572
724.4596
724.462
724.4644
724.4668
724.4692
724.4716
724.474
724.4764
724.4788
724.4812
724.4836
724.486
724.4884
724.4908
724.4932
724.4956
724.498
724.5004
724.5028
724.5052
724.5076
724.51
724.5124
724.5148
724.5172
724.5196
724.522
724.5244
724.5268
724.5292
724.5316
724.534
724.5364
724.5388
724.5412
724.5436
724.546
724.5484
724.5508
724.5532
724.5556
724.558
724.5604
724.5628
724.5652
724.5676
724.57
724.5724
724.5748
724.5772
724.5796
724.582
724.5844
724.5868
724.5892
724.5916
724.594
724.5964
724.5988
724.6012
724.6036
724.606
724.6084
724.6108
724.6132
724.6156
724.618
724.6204
724.6228
724.6252
724.6276
724.63
724.6324
724.6348
724.6372
724.6396
724.642
724.6444
724.6468
724.6492
724.6516
724.654
724.6564
724.6588
724.6612
724.6636
724.666
724.6684
724.6708